UgzCX6CVP0zHhvXC4Ih4AaABAg,NULL,NULL,Dengey ra puka,Neutral
